75
1
79
39
36
19
19
61
64
71
18
34
22
83
73
49
67
46
48
87
67
0
72
4
35
0
56
58
63
45
32
100
62
20
60
78
81
5
76
96
70
32
95
66
53
24
69
37
97
77
90
2
24
99
39
14
57
73
20
18
4
8
48
3
92
95
37
26
41
35
71
93
67
5
20
16
76
98
20
8
64
32
76
50
52
12
97
30
29
60
74
4
51
93
89
46
69
45
1
36
94
18
57
5
96
19
52
34
28
99
76
33
96
43
52
41
79
62
45
32
71
78
100
82
13
89
10
31
98
61
86
45
15
56
39
3
0
83
49
34
57
16
96
54
6
91
39
37
66
97
7
98
75
68
93
67
5
9
68
61
98
81
91
77
27
56
88
31
3
48
8
15
25
63
1
63
20
3
90
40
3
79
37
70
83
20
71
78
94
1
37
14
32
8
92
67
23
65
46
82
52
34
65
72
65
17
63
13
62
58
77
54
50
43
25
92
1
3
9
48
49
86
81
64
34
96
50
87
56
23
29
9
28
1
94
7
2
89
46
33
26
10
16
25
43
97
18
61
32
87
74
92
84
30
14
19
85
81
63
46
55
81
45
96
74
94
79
82
49
35
98
98
62
48
51
46
74
35
3
13
70
87
50
49
59
67
68
27
73
90
52
88
5
10
81
39
56
24
19
99
48
17
7
83
4
97
23
63
82
47
72
43
69
58
98
91
56
50
41
85
86
75
41
41
89
78
13
51
94
13
6
96
79
58
56
4
59
18
63
94
13
69
3
83
14
43
0
95
3
64
60
11
30
97
40
24
75
55
36
82
32
26
61
26
85
36
6
78
26
68
15
72
48
41
43
36
32
2
98
97
2
23
51
37
36
83
4
94
59
1
63
24
8
85
94
16
64
80
83
56
27
33
5
14
59
64
38
58
1
91
48
16
27
95
36
74
53
44
48
98
97
36
25
42
57
42
96
53
57
41
59
53
19
34
14
18
84
45
10
70
49
86
11
0
76
5
45
21
57
90
18
14
35
96
91
28
49
16
67
94
62
98
35
41
49
49
98
48
24
41
24
9
99
88
16
51
45
90
50
41
22
23
45
84
28
12
52
7
55
97
55
40
51
44
49
35
32
60
73
44
97
68
76
14
54
13
97
56
14
12
36
18
90
30
67
74
38
89
81
90
74
18
73
32
50
7
6
6
7
74
42
91
89
35
54
45
54
55
77
39
99
47
8
46
85
35
73
33
32
68
92
69
60
96
88
51
17
26
70
1
16
35
95
0
98
17
35
89
33
52
80
22
94
0
24
14
59
7
45
56
88
35
67
4
13
86
4
99
6
24
19
81
96
3
71
11
51
17
77
10
81
92
3
26
69
77
67
90
98
51
72
23
82
90
92
90
17
8
95
9
57
63
22
53
69
11
56
4
9
84
58
17
30
19
51
35
73
32
44
83
3
35
79
5
0
95
25
26
20
94
27
2
58
91
42
54
16
24
80
91
57
50
25
32
16
91
81
77
64
55
92
72
26
25
91
49
46
81
32
6
20
53
72
78
55
20
61
88
78
19
22
48
22
54
41
41
78
5
70
32
58
88
34
49
64
78
35
86
14
70
2
36
78
58
48
55
51
94
4
71
1
84
39
69
99
56
50
79
19
67
100
31
95
45
14
24
37
55
52
76
13
8
71
43
12
24
32
43
8
39
15
53
76
1
64
11
39
23
36
72
43
68
60
29
80
3
30
75
75
9
70
9
58
35
69
8
54
13
92
58
5
67
16
6
30
21
33
52
69
69
5
32
20
25
74
94
76
66
84
80
94
78
0
27
70
88
90
14
83
42
95
93
79
95
98
78
18
42
30
22
92
39
50
43
71
20
14
19
33
4
5
29
39
72
73
29
49
44
60
44
22
4
1
26
81
74
90
14
81
4
86
29
85
92
83
53
27
76
63
12
40
22
86
53
73
85
66
79
50
36
61
62
40
76
35
98
91
92
93
21
15
5
19
7
36
97
70
15
78
84
59
69
0
82
75
94
95
99
19
91
35
23
26
45
11
35
45
99
93
63
50
91
45
26
42
45
70
41
93
60
40
32
26
99
14
28
97
20
77
43
70
91
36
11
77
93
7
14
74
70
50
91
57
44
18
64
37
39
24
31
74
45
1
46
16
46
46
11
89
29
87
59
67
81
51
40
74
95
96
63
72
90
51
38
94
92
16
100
24
41
67
5
30
34
18
68
25
27
57
11
34
26
46
87
51
47
14
3
17
91
23
60
35
13
45
80
14
38
76
97
46
84
26
88
19
33
98
46
24
100
42
88
62
78
43
13
41
3
86
35
74
98
76
42
44
23
41
31
54
35
47
50
0
31
57
59
96
52
66
5
12
24
31
23
41
45
83
95
11
85
35
0
12
51
88
97
34
32
57
32
61
81
7
99
29
99
28
0
6
22
11
61
88
33
12
86
54
61
27
80
25
14
82
45
63
63
88
18
83
46
14
10
69
92
3
25
79
0
96
23
6
25
66
13
1
84
42
48
50
56
55
73
14
71
79
98
36
87
65
75
70
42
13
55
4
36
59
10
2
78
66
76
43
13
55
61
35
71
92
100
93
8
56
14
57
41
47
46
83
69
81
83
45
71
39
47
15
62
72
51
8
72
91
23
59
26
69
68
20
65
82
68
27
90
85
63
17
49
54
46
11
67
90
25
61
39
9
5
94
77
44
0
86
72
85
73
95
50
59
17
7
19
48
72
41
77
58
84
40
36
22
23
9
88
10
83
3
39
39
48
100
61
5
30
75
20
60
31
29
32
43
23
87
36
61
80
71
1
0
68
29
76
93
0
66
13
97
25
84
51
29
74
0
55
85
82
5
72
37
14
45
44
36
40
73
3
34
21
27
35
60
84
39
2
42
34
73
2
39
67
81
90
78
22
39
73
72
73
50
84
